x y
484178.55 5715990.05
485069.791261867 5715864.79420914
485961.032523735 5715739.53841827
486852.273785602 5715614.28262741
487743.51504747 5715489.02683654
488634.756309337 5715363.77104568
489525.997571204 5715238.51525482
490417.238833072 5715113.25946395
491308.480094939 5714988.00367309
492199.721356807 5714862.74788222
493090.962618674 5714737.49209136
493982.203880542 5714612.2363005
494873.445142409 5714486.98050963
495764.686404276 5714361.72471877
496655.927666144 5714236.4689279
484303.805790864 5716881.29126187
485195.047052731 5716756.035471
486086.288314599 5716630.77968014
486977.529576466 5716505.52388928
487868.770838334 5716380.26809841
488760.012100201 5716255.01230755
489651.253362068 5716129.75651668
490542.494623936 5716004.50072582
491433.735885803 5715879.24493495
492324.977147671 5715753.98914409
493216.218409538 5715628.73335323
494107.459671406 5715503.47756236
494998.700933273 5715378.2217715
495889.94219514 5715252.96598063
496781.183457008 5715127.71018977
484429.061581728 5717772.53252373
485320.302843596 5717647.27673287
486211.544105463 5717522.02094201
487102.78536733 5717396.76515114
487994.026629198 5717271.50936028
488885.267891065 5717146.25356941
489776.509152933 5717020.99777855
490667.7504148 5716895.74198769
491558.991676667 5716770.48619682
492450.232938535 5716645.23040596
493341.474200402 5716519.97461509
494232.71546227 5716394.71882423
495123.956724137 5716269.46303337
496015.197986004 5716144.2072425
496906.439247872 5716018.95145164
484554.317372592 5718663.7737856
485445.55863446 5718538.51799474
486336.799896327 5718413.26220387
487228.041158194 5718288.00641301
488119.282420062 5718162.75062215
489010.523681929 5718037.49483128
489901.764943797 5717912.23904042
490793.006205664 5717786.98324955
491684.247467531 5717661.72745869
492575.488729399 5717536.47166783
493466.729991266 5717411.21587696
494357.971253134 5717285.9600861
495249.212515001 5717160.70429523
496140.453776869 5717035.44850437
497031.695038736 5716910.19271351
484679.573163456 5719555.01504747
485570.814425324 5719429.75925661
486462.055687191 5719304.50346574
487353.296949058 5719179.24767488
488244.538210926 5719053.99188401
489135.779472793 5718928.73609315
490027.020734661 5718803.48030229
490918.261996528 5718678.22451142
491809.503258396 5718552.96872056
492700.744520263 5718427.71292969
493591.98578213 5718302.45713883
494483.227043998 5718177.20134796
495374.468305865 5718051.9455571
496265.709567733 5717926.68976624
497156.9508296 5717801.43397537
484804.82895432 5720446.25630934
485696.070216188 5720321.00051847
486587.311478055 5720195.74472761
487478.552739923 5720070.48893674
488369.79400179 5719945.23314588
489261.035263657 5719819.97735502
490152.276525525 5719694.72156415
491043.517787392 5719569.46577329
491934.75904926 5719444.20998242
492826.000311127 5719318.95419156
493717.241572994 5719193.6984007
494608.482834862 5719068.44260983
495499.724096729 5718943.18681897
496390.965358597 5718817.9310281
497282.206620464 5718692.67523724
484930.084745184 5721337.4975712
485821.326007052 5721212.24178034
486712.567268919 5721086.98598948
487603.808530787 5720961.73019861
488495.049792654 5720836.47440775
489386.291054521 5720711.21861688
490277.532316389 5720585.96282602
491168.773578256 5720460.70703516
492060.014840124 5720335.45124429
492951.256101991 5720210.19545343
493842.497363858 5720084.93966256
494733.738625726 5719959.6838717
495624.979887593 5719834.42808084
496516.221149461 5719709.17228997
497407.462411328 5719583.91649911
485055.340536048 5722228.73883307
485946.581797916 5722103.48304221
486837.823059783 5721978.22725134
487729.064321651 5721852.97146048
488620.305583518 5721727.71566962
489511.546845385 5721602.45987875
490402.788107253 5721477.20408789
491294.02936912 5721351.94829702
492185.270630988 5721226.69250616
493076.511892855 5721101.4367153
493967.753154723 5720976.18092443
494858.99441659 5720850.92513357
495750.235678457 5720725.6693427
496641.476940325 5720600.41355184
497532.718202192 5720475.15776097
485180.596326912 5723119.98009494
486071.83758878 5722994.72430408
486963.078850647 5722869.46851321
487854.320112515 5722744.21272235
488745.561374382 5722618.95693148
489636.80263625 5722493.70114062
490528.043898117 5722368.44534975
491419.285159984 5722243.18955889
492310.526421852 5722117.93376803
493201.767683719 5721992.67797716
494093.008945587 5721867.4221863
494984.250207454 5721742.16639543
495875.491469321 5721616.91060457
496766.732731189 5721491.65481371
497657.973993056 5721366.39902284
485305.852117777 5724011.22135681
486197.093379644 5723885.96556594
487088.334641511 5723760.70977508
487979.575903379 5723635.45398421
488870.817165246 5723510.19819335
489762.058427114 5723384.94240249
490653.299688981 5723259.68661162
491544.540950848 5723134.43082076
492435.782212716 5723009.17502989
493327.023474583 5722883.91923903
494218.264736451 5722758.66344817
495109.505998318 5722633.4076573
496000.747260185 5722508.15186644
496891.988522053 5722382.89607557
497783.22978392 5722257.64028471
485431.107908641 5724902.46261867
486322.349170508 5724777.20682781
487213.590432375 5724651.95103695
488104.831694243 5724526.69524608
488996.07295611 5724401.43945522
489887.314217978 5724276.18366435
490778.555479845 5724150.92787349
491669.796741712 5724025.67208263
492561.03800358 5723900.41629176
493452.279265447 5723775.1605009
494343.520527315 5723649.90471003
495234.761789182 5723524.64891917
496126.00305105 5723399.39312831
497017.244312917 5723274.13733744
497908.485574784 5723148.88154658
485556.363699505 5725793.70388054
486447.604961372 5725668.44808968
487338.846223239 5725543.19229881
488230.087485107 5725417.93650795
489121.328746974 5725292.68071709
490012.570008842 5725167.42492622
490903.811270709 5725042.16913536
491795.052532577 5724916.91334449
492686.293794444 5724791.65755363
493577.535056311 5724666.40176276
494468.776318179 5724541.1459719
495360.017580046 5724415.89018104
496251.258841914 5724290.63439017
497142.500103781 5724165.37859931
498033.741365648 5724040.12280844
485681.619490369 5726684.94514241
486572.860752236 5726559.68935154
487464.102014103 5726434.43356068
488355.343275971 5726309.17776982
489246.584537838 5726183.92197895
490137.825799706 5726058.66618809
491029.067061573 5725933.41039722
491920.308323441 5725808.15460636
492811.549585308 5725682.8988155
493702.790847175 5725557.64302463
494594.032109043 5725432.38723377
495485.27337091 5725307.1314429
496376.514632778 5725181.87565204
497267.755894645 5725056.61986118
498158.997156512 5724931.36407031
485806.875281233 5727576.18640428
486698.1165431 5727450.93061341
487589.357804968 5727325.67482255
488480.599066835 5727200.41903168
489371.840328702 5727075.16324082
490263.08159057 5726949.90744996
491154.322852437 5726824.65165909
492045.564114305 5726699.39586823
492936.805376172 5726574.14007736
493828.046638039 5726448.8842865
494719.287899907 5726323.62849564
495610.529161774 5726198.37270477
496501.770423642 5726073.11691391
497393.011685509 5725947.86112304
498284.252947377 5725822.60533218
485932.131072097 5728467.42766614
486823.372333964 5728342.17187528
487714.613595832 5728216.91608442
